#         kx          ky          kz Berry phase=     1.011434 pi
    0.643698    1.196679   -0.440476
    0.643698    1.196679   -0.429988
    0.643698    1.196679   -0.419501
    0.643698    1.196679   -0.409013
    0.643698    1.196679   -0.398526
    0.643698    1.196679   -0.388038
    0.643698    1.196679   -0.377551
    0.643698    1.196679   -0.367063
    0.643698    1.196679   -0.356576
    0.643698    1.196679   -0.346088
    0.643698    1.196679   -0.335601
    0.643698    1.196679   -0.325113
    0.643698    1.196679   -0.314626
    0.643698    1.196679   -0.304138
    0.643698    1.196679   -0.293651
    0.643698    1.196679   -0.283163
    0.643698    1.196679   -0.272676
    0.643698    1.196679   -0.262188
    0.643698    1.196679   -0.251701
    0.643698    1.196679   -0.241213
    0.643698    1.196679   -0.230726
    0.643698    1.196679   -0.220238
    0.643698    1.196679   -0.209750
    0.643698    1.196679   -0.199263
    0.643698    1.196679   -0.188775
    0.643698    1.196679   -0.178288
    0.643698    1.196679   -0.167800
    0.643698    1.196679   -0.157313
    0.643698    1.196679   -0.146825
    0.643698    1.196679   -0.136338
    0.643698    1.196679   -0.125850
    0.643698    1.196679   -0.115363
    0.643698    1.196679   -0.104875
    0.643698    1.196679   -0.094388
    0.643698    1.196679   -0.083900
    0.643698    1.196679   -0.073413
    0.643698    1.196679   -0.062925
    0.643698    1.196679   -0.052438
    0.643698    1.196679   -0.041950
    0.643698    1.196679   -0.031463
    0.643698    1.196679   -0.020975
    0.643698    1.196679   -0.010488
    0.643698    1.196679    0.000000
    0.643698    1.196679    0.010488
    0.643698    1.196679    0.020975
    0.643698    1.196679    0.031463
    0.643698    1.196679    0.041950
    0.643698    1.196679    0.052438
    0.643698    1.196679    0.062925
    0.643698    1.196679    0.073413
    0.643698    1.196679    0.083900
    0.643698    1.196679    0.094388
    0.643698    1.196679    0.104875
    0.643698    1.196679    0.115363
    0.643698    1.196679    0.125850
    0.643698    1.196679    0.136338
    0.643698    1.196679    0.146825
    0.643698    1.196679    0.157313
    0.643698    1.196679    0.167800
    0.643698    1.196679    0.178288
    0.643698    1.196679    0.188775
    0.643698    1.196679    0.199263
    0.643698    1.196679    0.209750
    0.643698    1.196679    0.220238
    0.643698    1.196679    0.230726
    0.643698    1.196679    0.241213
    0.643698    1.196679    0.251701
    0.643698    1.196679    0.262188
    0.643698    1.196679    0.272676
    0.643698    1.196679    0.283163
    0.643698    1.196679    0.293651
    0.643698    1.196679    0.304138
    0.643698    1.196679    0.314626
    0.643698    1.196679    0.325113
    0.643698    1.196679    0.335601
    0.643698    1.196679    0.346088
    0.643698    1.196679    0.356576
    0.643698    1.196679    0.367063
    0.643698    1.196679    0.377551
    0.643698    1.196679    0.388038
    0.643698    1.196679    0.398526
    0.643698    1.196679    0.409013
    0.643698    1.196679    0.419501
    0.643698    1.196679    0.429988
    0.643698    1.196679    0.440476
    0.646764    1.198449    0.440476
    0.649829    1.200218    0.440476
    0.652894    1.201988    0.440476
    0.655959    1.203758    0.440476
    0.659025    1.205528    0.440476
    0.662090    1.207297    0.440476
    0.665155    1.209067    0.440476
    0.668220    1.210837    0.440476
    0.671286    1.212606    0.440476
    0.674351    1.214376    0.440476
    0.677416    1.216146    0.440476
    0.680481    1.217916    0.440476
    0.683546    1.219685    0.440476
    0.686612    1.221455    0.440476
    0.689677    1.223225    0.440476
    0.692742    1.224994    0.440476
    0.695807    1.226764    0.440476
    0.698873    1.228534    0.440476
    0.701938    1.230304    0.440476
    0.705003    1.232073    0.440476
    0.708068    1.233843    0.440476
    0.708068    1.233843    0.429988
    0.708068    1.233843    0.419501
    0.708068    1.233843    0.409013
    0.708068    1.233843    0.398526
    0.708068    1.233843    0.388038
    0.708068    1.233843    0.377551
    0.708068    1.233843    0.367063
    0.708068    1.233843    0.356576
    0.708068    1.233843    0.346088
    0.708068    1.233843    0.335601
    0.708068    1.233843    0.325113
    0.708068    1.233843    0.314626
    0.708068    1.233843    0.304138
    0.708068    1.233843    0.293651
    0.708068    1.233843    0.283163
    0.708068    1.233843    0.272676
    0.708068    1.233843    0.262188
    0.708068    1.233843    0.251701
    0.708068    1.233843    0.241213
    0.708068    1.233843    0.230726
    0.708068    1.233843    0.220238
    0.708068    1.233843    0.209750
    0.708068    1.233843    0.199263
    0.708068    1.233843    0.188775
    0.708068    1.233843    0.178288
    0.708068    1.233843    0.167800
    0.708068    1.233843    0.157313
    0.708068    1.233843    0.146825
    0.708068    1.233843    0.136338
    0.708068    1.233843    0.125850
    0.708068    1.233843    0.115363
    0.708068    1.233843    0.104875
    0.708068    1.233843    0.094388
    0.708068    1.233843    0.083900
    0.708068    1.233843    0.073413
    0.708068    1.233843    0.062925
    0.708068    1.233843    0.052438
    0.708068    1.233843    0.041950
    0.708068    1.233843    0.031463
    0.708068    1.233843    0.020975
    0.708068    1.233843    0.010488
    0.708068    1.233843    0.000000
    0.708068    1.233843   -0.010488
    0.708068    1.233843   -0.020975
    0.708068    1.233843   -0.031463
    0.708068    1.233843   -0.041950
    0.708068    1.233843   -0.052438
    0.708068    1.233843   -0.062925
    0.708068    1.233843   -0.073413
    0.708068    1.233843   -0.083900
    0.708068    1.233843   -0.094388
    0.708068    1.233843   -0.104875
    0.708068    1.233843   -0.115363
    0.708068    1.233843   -0.125850
    0.708068    1.233843   -0.136338
    0.708068    1.233843   -0.146825
    0.708068    1.233843   -0.157313
    0.708068    1.233843   -0.167800
    0.708068    1.233843   -0.178288
    0.708068    1.233843   -0.188775
    0.708068    1.233843   -0.199263
    0.708068    1.233843   -0.209750
    0.708068    1.233843   -0.220238
    0.708068    1.233843   -0.230726
    0.708068    1.233843   -0.241213
    0.708068    1.233843   -0.251701
    0.708068    1.233843   -0.262188
    0.708068    1.233843   -0.272676
    0.708068    1.233843   -0.283163
    0.708068    1.233843   -0.293651
    0.708068    1.233843   -0.304138
    0.708068    1.233843   -0.314626
    0.708068    1.233843   -0.325113
    0.708068    1.233843   -0.335601
    0.708068    1.233843   -0.346088
    0.708068    1.233843   -0.356576
    0.708068    1.233843   -0.367063
    0.708068    1.233843   -0.377551
    0.708068    1.233843   -0.388038
    0.708068    1.233843   -0.398526
    0.708068    1.233843   -0.409013
    0.708068    1.233843   -0.419501
    0.708068    1.233843   -0.429988
    0.708068    1.233843   -0.440476
    0.705003    1.232073   -0.440476
    0.701938    1.230304   -0.440476
    0.698873    1.228534   -0.440476
    0.695807    1.226764   -0.440476
    0.692742    1.224994   -0.440476
    0.689677    1.223225   -0.440476
    0.686612    1.221455   -0.440476
    0.683546    1.219685   -0.440476
    0.680481    1.217916   -0.440476
    0.677416    1.216146   -0.440476
    0.674351    1.214376   -0.440476
    0.671286    1.212606   -0.440476
    0.668220    1.210837   -0.440476
    0.665155    1.209067   -0.440476
    0.662090    1.207297   -0.440476
    0.659025    1.205528   -0.440476
    0.655959    1.203758   -0.440476
    0.652894    1.201988   -0.440476
    0.649829    1.200218   -0.440476
    0.646764    1.198449   -0.440476
